{
 "cells": [
  {
   "cell_type": "markdown",
   "id": "4345f705",
   "metadata": {},
   "source": [
    "Note: This notebook is an alternative to [this article](https://rpubs.com/tomytjandra/PCA-reduce-multicollinearity) for PCA with the Python programming language."
   ]
  },
  {
   "cell_type": "markdown",
   "id": "aa82aedc",
   "metadata": {},
   "source": [
    "# PCA to Reduce Multicollinearity"
   ]
  },
  {
   "cell_type": "markdown",
   "id": "13956e98",
   "metadata": {},
   "source": [
    "## Libraries "
   ]
  },
  {
   "cell_type": "code",
   "execution_count": 72,
   "id": "e666ec6f",
   "metadata": {},
   "outputs": [],
   "source": [
    "import numpy as np # data processing\n",
    "import pandas as pd # data processing\n",
    "import matplotlib.pyplot as plt # visualization\n",
    "import statsmodels.api as sm # modelling\n",
    "from sklearn.preprocessing import StandardScaler # scaling\n",
    "from sklearn.decomposition import PCA # pca\n",
    "import plotly.io as pio # render ploty\n",
    "pio.renderers.default='notebook_connected'"
   ]
  },
  {
   "cell_type": "markdown",
   "id": "08d56c1f",
   "metadata": {},
   "source": [
    "## Business Question"
   ]
  },
  {
   "cell_type": "markdown",
   "id": "66fa5484",
   "metadata": {},
   "source": [
    "- **Objective**: Create a regression model to predict crime rates.\n",
    "- **PCA function**: Fulfillment of the assumption of no multicollinearity between predictors."
   ]
  },
  {
   "cell_type": "markdown",
   "id": "82e8938e",
   "metadata": {},
   "source": [
    "> Note: in the following example, train-test splitting is not performed. In reality, PCA is only carried out on train data; then, the test data will be transformed using eigenvectors learned from the train data."
   ]
  },
  {
   "cell_type": "markdown",
   "id": "e0604e45",
   "metadata": {},
   "source": [
    "## Read Data \n",
    "\n",
    "Crime data is socio-economic data from 47 US states in 1960. The values of the variables appear to have been scaled.\n"
   ]
  },
  {
   "cell_type": "code",
   "execution_count": 73,
   "id": "cf540485",
   "metadata": {},
   "outputs": [
    {
     "data": {
      "text/html": [
       "<div>\n",
       "<style scoped>\n",
       "    .dataframe tbody tr th:only-of-type {\n",
       "        vertical-align: middle;\n",
       "    }\n",
       "\n",
       "    .dataframe tbody tr th {\n",
       "        vertical-align: top;\n",
       "    }\n",
       "\n",
       "    .dataframe thead th {\n",
       "        text-align: right;\n",
       "    }\n",
       "</style>\n",
       "<table border=\"1\" class=\"dataframe\">\n",
       "  <thead>\n",
       "    <tr style=\"text-align: right;\">\n",
       "      <th></th>\n",
       "      <th>percent_m</th>\n",
       "      <th>is_south</th>\n",
       "      <th>mean_education</th>\n",
       "      <th>police_exp60</th>\n",
       "      <th>police_exp59</th>\n",
       "      <th>labour_participation</th>\n",
       "      <th>m_per1000f</th>\n",
       "      <th>state_pop</th>\n",
       "      <th>nonwhites_per1000</th>\n",
       "      <th>unemploy_m24</th>\n",
       "      <th>unemploy_m39</th>\n",
       "      <th>gdp</th>\n",
       "      <th>inequality</th>\n",
       "      <th>prob_prison</th>\n",
       "      <th>time_prison</th>\n",
       "      <th>crime_rate</th>\n",
       "    </tr>\n",
       "  </thead>\n",
       "  <tbody>\n",
       "    <tr>\n",
       "      <th>1</th>\n",
       "      <td>151</td>\n",
       "      <td>1</td>\n",
       "      <td>91</td>\n",
       "      <td>58</td>\n",
       "      <td>56</td>\n",
       "      <td>510</td>\n",
       "      <td>950</td>\n",
       "      <td>33</td>\n",
       "      <td>301</td>\n",
       "      <td>108</td>\n",
       "      <td>41</td>\n",
       "      <td>394</td>\n",
       "      <td>261</td>\n",
       "      <td>0.084602</td>\n",
       "      <td>26.2011</td>\n",
       "      <td>791</td>\n",
       "    </tr>\n",
       "    <tr>\n",
       "      <th>2</th>\n",
       "      <td>143</td>\n",
       "      <td>0</td>\n",
       "      <td>113</td>\n",
       "      <td>103</td>\n",
       "      <td>95</td>\n",
       "      <td>583</td>\n",
       "      <td>1012</td>\n",
       "      <td>13</td>\n",
       "      <td>102</td>\n",
       "      <td>96</td>\n",
       "      <td>36</td>\n",
       "      <td>557</td>\n",
       "      <td>194</td>\n",
       "      <td>0.029599</td>\n",
       "      <td>25.2999</td>\n",
       "      <td>1635</td>\n",
       "    </tr>\n",
       "    <tr>\n",
       "      <th>3</th>\n",
       "      <td>142</td>\n",
       "      <td>1</td>\n",
       "      <td>89</td>\n",
       "      <td>45</td>\n",
       "      <td>44</td>\n",
       "      <td>533</td>\n",
       "      <td>969</td>\n",
       "      <td>18</td>\n",
       "      <td>219</td>\n",
       "      <td>94</td>\n",
       "      <td>33</td>\n",
       "      <td>318</td>\n",
       "      <td>250</td>\n",
       "      <td>0.083401</td>\n",
       "      <td>24.3006</td>\n",
       "      <td>578</td>\n",
       "    </tr>\n",
       "    <tr>\n",
       "      <th>4</th>\n",
       "      <td>136</td>\n",
       "      <td>0</td>\n",
       "      <td>121</td>\n",
       "      <td>149</td>\n",
       "      <td>141</td>\n",
       "      <td>577</td>\n",
       "      <td>994</td>\n",
       "      <td>157</td>\n",
       "      <td>80</td>\n",
       "      <td>102</td>\n",
       "      <td>39</td>\n",
       "      <td>673</td>\n",
       "      <td>167</td>\n",
       "      <td>0.015801</td>\n",
       "      <td>29.9012</td>\n",
       "      <td>1969</td>\n",
       "    </tr>\n",
       "    <tr>\n",
       "      <th>5</th>\n",
       "      <td>141</td>\n",
       "      <td>0</td>\n",
       "      <td>121</td>\n",
       "      <td>109</td>\n",
       "      <td>101</td>\n",
       "      <td>591</td>\n",
       "      <td>985</td>\n",
       "      <td>18</td>\n",
       "      <td>30</td>\n",
       "      <td>91</td>\n",
       "      <td>20</td>\n",
       "      <td>578</td>\n",
       "      <td>174</td>\n",
       "      <td>0.041399</td>\n",
       "      <td>21.2998</td>\n",
       "      <td>1234</td>\n",
       "    </tr>\n",
       "  </tbody>\n",
       "</table>\n",
       "</div>"
      ],
      "text/plain": [
       "   percent_m  is_south  mean_education  police_exp60  police_exp59  \\\n",
       "1        151         1              91            58            56   \n",
       "2        143         0             113           103            95   \n",
       "3        142         1              89            45            44   \n",
       "4        136         0             121           149           141   \n",
       "5        141         0             121           109           101   \n",
       "\n",
       "   labour_participation  m_per1000f  state_pop  nonwhites_per1000  \\\n",
       "1                   510         950         33                301   \n",
       "2                   583        1012         13                102   \n",
       "3                   533         969         18                219   \n",
       "4                   577         994        157                 80   \n",
       "5                   591         985         18                 30   \n",
       "\n",
       "   unemploy_m24  unemploy_m39  gdp  inequality  prob_prison  time_prison  \\\n",
       "1           108            41  394         261     0.084602      26.2011   \n",
       "2            96            36  557         194     0.029599      25.2999   \n",
       "3            94            33  318         250     0.083401      24.3006   \n",
       "4           102            39  673         167     0.015801      29.9012   \n",
       "5            91            20  578         174     0.041399      21.2998   \n",
       "\n",
       "   crime_rate  \n",
       "1         791  \n",
       "2        1635  \n",
       "3         578  \n",
       "4        1969  \n",
       "5        1234  "
      ]
     },
     "execution_count": 73,
     "metadata": {},
     "output_type": "execute_result"
    }
   ],
   "source": [
    "crime = pd.read_csv(\"data_input/crime.csv\", index_col=0)\n",
    "\n",
    "crime.columns = ['percent_m', 'is_south', 'mean_education', \n",
    "                 'police_exp60', 'police_exp59', 'labour_participation',\n",
    "                 'm_per1000f', 'state_pop', 'nonwhites_per1000', 'unemploy_m24',\n",
    "                 'unemploy_m39', 'gdp', 'inequality', 'prob_prison', 'time_prison',  \n",
    "                 'crime_rate']\n",
    "\n",
    "crime.head()"
   ]
  },
  {
   "cell_type": "markdown",
   "id": "e4e30d99",
   "metadata": {},
   "source": [
    "**Data Description :**\n",
    "\n",
    "- `percent_m`: percentage of males aged 14-24\n",
    "- `is_south`: whether it is in a Southern state. 1 for Yes, 0 for No.  \n",
    "- `mean_education`: mean years of schooling  \n",
    "- `police_exp60`: police expenditure in 1960  \n",
    "- `police_exp59`: police expenditure in 1959\n",
    "- `labour_participation`: labour force participation rate  \n",
    "- `m_per1000f`: number of males per 1000 females  \n",
    "- `state_pop`: state population  \n",
    "- `nonwhites_per1000`: number of non-whites resident per 1000 people  \n",
    "- `unemploy_m24`: unemployment rate of urban males aged 14-24  \n",
    "- `unemploy_m39`: unemployment rate of urban males aged 35-39  \n",
    "- `gdp`: gross domestic product per head  \n",
    "- `inequality`: income inequality  \n",
    "- `prob_prison`: probability of imprisonment  \n",
    "- `time_prison`: avg time served in prisons  \n",
    "- `crime_rate`: crime rate in an unspecified category"
   ]
  },
  {
   "cell_type": "markdown",
   "id": "ec1fc2e5",
   "metadata": {},
   "source": [
    "## Exploratory Data Analysis"
   ]
  },
  {
   "cell_type": "markdown",
   "id": "a4c89fc5",
   "metadata": {},
   "source": [
    "Check the correlation between numerical columns."
   ]
  },
  {
   "cell_type": "code",
   "execution_count": 74,
   "id": "0cbcb2ac",
   "metadata": {},
   "outputs": [
    {
     "data": {
      "text/html": [
       "<div>\n",
       "<style scoped>\n",
       "    .dataframe tbody tr th:only-of-type {\n",
       "        vertical-align: middle;\n",
       "    }\n",
       "\n",
       "    .dataframe tbody tr th {\n",
       "        vertical-align: top;\n",
       "    }\n",
       "\n",
       "    .dataframe thead th {\n",
       "        text-align: right;\n",
       "    }\n",
       "</style>\n",
       "<table border=\"1\" class=\"dataframe\">\n",
       "  <thead>\n",
       "    <tr style=\"text-align: right;\">\n",
       "      <th></th>\n",
       "      <th>percent_m</th>\n",
       "      <th>is_south</th>\n",
       "      <th>mean_education</th>\n",
       "      <th>police_exp60</th>\n",
       "      <th>police_exp59</th>\n",
       "      <th>labour_participation</th>\n",
       "      <th>m_per1000f</th>\n",
       "      <th>state_pop</th>\n",
       "      <th>nonwhites_per1000</th>\n",
       "      <th>unemploy_m24</th>\n",
       "      <th>unemploy_m39</th>\n",
       "      <th>gdp</th>\n",
       "      <th>inequality</th>\n",
       "      <th>prob_prison</th>\n",
       "      <th>time_prison</th>\n",
       "      <th>crime_rate</th>\n",
       "    </tr>\n",
       "  </thead>\n",
       "  <tbody>\n",
       "    <tr>\n",
       "      <th>percent_m</th>\n",
       "      <td>1.000000</td>\n",
       "      <td>0.584355</td>\n",
       "      <td>-0.530240</td>\n",
       "      <td>-0.505737</td>\n",
       "      <td>-0.513173</td>\n",
       "      <td>-0.160949</td>\n",
       "      <td>-0.028680</td>\n",
       "      <td>-0.280638</td>\n",
       "      <td>0.593198</td>\n",
       "      <td>-0.224381</td>\n",
       "      <td>-0.244843</td>\n",
       "      <td>-0.670055</td>\n",
       "      <td>0.639211</td>\n",
       "      <td>0.361116</td>\n",
       "      <td>0.114511</td>\n",
       "      <td>-0.089472</td>\n",
       "    </tr>\n",
       "    <tr>\n",
       "      <th>is_south</th>\n",
       "      <td>0.584355</td>\n",
       "      <td>1.000000</td>\n",
       "      <td>-0.702741</td>\n",
       "      <td>-0.372636</td>\n",
       "      <td>-0.376168</td>\n",
       "      <td>-0.505469</td>\n",
       "      <td>-0.314733</td>\n",
       "      <td>-0.049918</td>\n",
       "      <td>0.767103</td>\n",
       "      <td>-0.172419</td>\n",
       "      <td>0.071693</td>\n",
       "      <td>-0.636945</td>\n",
       "      <td>0.737181</td>\n",
       "      <td>0.530862</td>\n",
       "      <td>0.066813</td>\n",
       "      <td>-0.090637</td>\n",
       "    </tr>\n",
       "    <tr>\n",
       "      <th>mean_education</th>\n",
       "      <td>-0.530240</td>\n",
       "      <td>-0.702741</td>\n",
       "      <td>1.000000</td>\n",
       "      <td>0.482952</td>\n",
       "      <td>0.499410</td>\n",
       "      <td>0.561178</td>\n",
       "      <td>0.436915</td>\n",
       "      <td>-0.017227</td>\n",
       "      <td>-0.664882</td>\n",
       "      <td>0.018103</td>\n",
       "      <td>-0.215682</td>\n",
       "      <td>0.735997</td>\n",
       "      <td>-0.768658</td>\n",
       "      <td>-0.389923</td>\n",
       "      <td>-0.253974</td>\n",
       "      <td>0.322835</td>\n",
       "    </tr>\n",
       "    <tr>\n",
       "      <th>police_exp60</th>\n",
       "      <td>-0.505737</td>\n",
       "      <td>-0.372636</td>\n",
       "      <td>0.482952</td>\n",
       "      <td>1.000000</td>\n",
       "      <td>0.993586</td>\n",
       "      <td>0.121493</td>\n",
       "      <td>0.033760</td>\n",
       "      <td>0.526284</td>\n",
       "      <td>-0.213709</td>\n",
       "      <td>-0.043698</td>\n",
       "      <td>0.185093</td>\n",
       "      <td>0.787225</td>\n",
       "      <td>-0.630500</td>\n",
       "      <td>-0.473247</td>\n",
       "      <td>0.103358</td>\n",
       "      <td>0.687604</td>\n",
       "    </tr>\n",
       "    <tr>\n",
       "      <th>police_exp59</th>\n",
       "      <td>-0.513173</td>\n",
       "      <td>-0.376168</td>\n",
       "      <td>0.499410</td>\n",
       "      <td>0.993586</td>\n",
       "      <td>1.000000</td>\n",
       "      <td>0.106350</td>\n",
       "      <td>0.022843</td>\n",
       "      <td>0.513789</td>\n",
       "      <td>-0.218768</td>\n",
       "      <td>-0.051712</td>\n",
       "      <td>0.169224</td>\n",
       "      <td>0.794262</td>\n",
       "      <td>-0.648152</td>\n",
       "      <td>-0.473027</td>\n",
       "      <td>0.075627</td>\n",
       "      <td>0.666714</td>\n",
       "    </tr>\n",
       "    <tr>\n",
       "      <th>labour_participation</th>\n",
       "      <td>-0.160949</td>\n",
       "      <td>-0.505469</td>\n",
       "      <td>0.561178</td>\n",
       "      <td>0.121493</td>\n",
       "      <td>0.106350</td>\n",
       "      <td>1.000000</td>\n",
       "      <td>0.513559</td>\n",
       "      <td>-0.123672</td>\n",
       "      <td>-0.341214</td>\n",
       "      <td>-0.229400</td>\n",
       "      <td>-0.420762</td>\n",
       "      <td>0.294632</td>\n",
       "      <td>-0.269886</td>\n",
       "      <td>-0.250086</td>\n",
       "      <td>-0.123640</td>\n",
       "      <td>0.188866</td>\n",
       "    </tr>\n",
       "    <tr>\n",
       "      <th>m_per1000f</th>\n",
       "      <td>-0.028680</td>\n",
       "      <td>-0.314733</td>\n",
       "      <td>0.436915</td>\n",
       "      <td>0.033760</td>\n",
       "      <td>0.022843</td>\n",
       "      <td>0.513559</td>\n",
       "      <td>1.000000</td>\n",
       "      <td>-0.410628</td>\n",
       "      <td>-0.327305</td>\n",
       "      <td>0.351892</td>\n",
       "      <td>-0.018692</td>\n",
       "      <td>0.179609</td>\n",
       "      <td>-0.167089</td>\n",
       "      <td>-0.050858</td>\n",
       "      <td>-0.427697</td>\n",
       "      <td>0.213914</td>\n",
       "    </tr>\n",
       "    <tr>\n",
       "      <th>state_pop</th>\n",
       "      <td>-0.280638</td>\n",
       "      <td>-0.049918</td>\n",
       "      <td>-0.017227</td>\n",
       "      <td>0.526284</td>\n",
       "      <td>0.513789</td>\n",
       "      <td>-0.123672</td>\n",
       "      <td>-0.410628</td>\n",
       "      <td>1.000000</td>\n",
       "      <td>0.095153</td>\n",
       "      <td>-0.038120</td>\n",
       "      <td>0.270422</td>\n",
       "      <td>0.308263</td>\n",
       "      <td>-0.126294</td>\n",
       "      <td>-0.347289</td>\n",
       "      <td>0.464210</td>\n",
       "      <td>0.337474</td>\n",
       "    </tr>\n",
       "    <tr>\n",
       "      <th>nonwhites_per1000</th>\n",
       "      <td>0.593198</td>\n",
       "      <td>0.767103</td>\n",
       "      <td>-0.664882</td>\n",
       "      <td>-0.213709</td>\n",
       "      <td>-0.218768</td>\n",
       "      <td>-0.341214</td>\n",
       "      <td>-0.327305</td>\n",
       "      <td>0.095153</td>\n",
       "      <td>1.000000</td>\n",
       "      <td>-0.156450</td>\n",
       "      <td>0.080908</td>\n",
       "      <td>-0.590107</td>\n",
       "      <td>0.677313</td>\n",
       "      <td>0.428059</td>\n",
       "      <td>0.230398</td>\n",
       "      <td>0.032599</td>\n",
       "    </tr>\n",
       "    <tr>\n",
       "      <th>unemploy_m24</th>\n",
       "      <td>-0.224381</td>\n",
       "      <td>-0.172419</td>\n",
       "      <td>0.018103</td>\n",
       "      <td>-0.043698</td>\n",
       "      <td>-0.051712</td>\n",
       "      <td>-0.229400</td>\n",
       "      <td>0.351892</td>\n",
       "      <td>-0.038120</td>\n",
       "      <td>-0.156450</td>\n",
       "      <td>1.000000</td>\n",
       "      <td>0.745925</td>\n",
       "      <td>0.044857</td>\n",
       "      <td>-0.063832</td>\n",
       "      <td>-0.007469</td>\n",
       "      <td>-0.169853</td>\n",
       "      <td>-0.050478</td>\n",
       "    </tr>\n",
       "    <tr>\n",
       "      <th>unemploy_m39</th>\n",
       "      <td>-0.244843</td>\n",
       "      <td>0.071693</td>\n",
       "      <td>-0.215682</td>\n",
       "      <td>0.185093</td>\n",
       "      <td>0.169224</td>\n",
       "      <td>-0.420762</td>\n",
       "      <td>-0.018692</td>\n",
       "      <td>0.270422</td>\n",
       "      <td>0.080908</td>\n",
       "      <td>0.745925</td>\n",
       "      <td>1.000000</td>\n",
       "      <td>0.092072</td>\n",
       "      <td>0.015678</td>\n",
       "      <td>-0.061592</td>\n",
       "      <td>0.101358</td>\n",
       "      <td>0.177321</td>\n",
       "    </tr>\n",
       "    <tr>\n",
       "      <th>gdp</th>\n",
       "      <td>-0.670055</td>\n",
       "      <td>-0.636945</td>\n",
       "      <td>0.735997</td>\n",
       "      <td>0.787225</td>\n",
       "      <td>0.794262</td>\n",
       "      <td>0.294632</td>\n",
       "      <td>0.179609</td>\n",
       "      <td>0.308263</td>\n",
       "      <td>-0.590107</td>\n",
       "      <td>0.044857</td>\n",
       "      <td>0.092072</td>\n",
       "      <td>1.000000</td>\n",
       "      <td>-0.883997</td>\n",
       "      <td>-0.555335</td>\n",
       "      <td>0.000649</td>\n",
       "      <td>0.441320</td>\n",
       "    </tr>\n",
       "    <tr>\n",
       "      <th>inequality</th>\n",
       "      <td>0.639211</td>\n",
       "      <td>0.737181</td>\n",
       "      <td>-0.768658</td>\n",
       "      <td>-0.630500</td>\n",
       "      <td>-0.648152</td>\n",
       "      <td>-0.269886</td>\n",
       "      <td>-0.167089</td>\n",
       "      <td>-0.126294</td>\n",
       "      <td>0.677313</td>\n",
       "      <td>-0.063832</td>\n",
       "      <td>0.015678</td>\n",
       "      <td>-0.883997</td>\n",
       "      <td>1.000000</td>\n",
       "      <td>0.465322</td>\n",
       "      <td>0.101823</td>\n",
       "      <td>-0.179024</td>\n",
       "    </tr>\n",
       "    <tr>\n",
       "      <th>prob_prison</th>\n",
       "      <td>0.361116</td>\n",
       "      <td>0.530862</td>\n",
       "      <td>-0.389923</td>\n",
       "      <td>-0.473247</td>\n",
       "      <td>-0.473027</td>\n",
       "      <td>-0.250086</td>\n",
       "      <td>-0.050858</td>\n",
       "      <td>-0.347289</td>\n",
       "      <td>0.428059</td>\n",
       "      <td>-0.007469</td>\n",
       "      <td>-0.061592</td>\n",
       "      <td>-0.555335</td>\n",
       "      <td>0.465322</td>\n",
       "      <td>1.000000</td>\n",
       "      <td>-0.436246</td>\n",
       "      <td>-0.427422</td>\n",
       "    </tr>\n",
       "    <tr>\n",
       "      <th>time_prison</th>\n",
       "      <td>0.114511</td>\n",
       "      <td>0.066813</td>\n",
       "      <td>-0.253974</td>\n",
       "      <td>0.103358</td>\n",
       "      <td>0.075627</td>\n",
       "      <td>-0.123640</td>\n",
       "      <td>-0.427697</td>\n",
       "      <td>0.464210</td>\n",
       "      <td>0.230398</td>\n",
       "      <td>-0.169853</td>\n",
       "      <td>0.101358</td>\n",
       "      <td>0.000649</td>\n",
       "      <td>0.101823</td>\n",
       "      <td>-0.436246</td>\n",
       "      <td>1.000000</td>\n",
       "      <td>0.149866</td>\n",
       "    </tr>\n",
       "    <tr>\n",
       "      <th>crime_rate</th>\n",
       "      <td>-0.089472</td>\n",
       "      <td>-0.090637</td>\n",
       "      <td>0.322835</td>\n",
       "      <td>0.687604</td>\n",
       "      <td>0.666714</td>\n",
       "      <td>0.188866</td>\n",
       "      <td>0.213914</td>\n",
       "      <td>0.337474</td>\n",
       "      <td>0.032599</td>\n",
       "      <td>-0.050478</td>\n",
       "      <td>0.177321</td>\n",
       "      <td>0.441320</td>\n",
       "      <td>-0.179024</td>\n",
       "      <td>-0.427422</td>\n",
       "      <td>0.149866</td>\n",
       "      <td>1.000000</td>\n",
       "    </tr>\n",
       "  </tbody>\n",
       "</table>\n",
       "</div>"
      ],
      "text/plain": [
       "                      percent_m  is_south  mean_education  police_exp60  \\\n",
       "percent_m              1.000000  0.584355       -0.530240     -0.505737   \n",
       "is_south               0.584355  1.000000       -0.702741     -0.372636   \n",
       "mean_education        -0.530240 -0.702741        1.000000      0.482952   \n",
       "police_exp60          -0.505737 -0.372636        0.482952      1.000000   \n",
       "police_exp59          -0.513173 -0.376168        0.499410      0.993586   \n",
       "labour_participation  -0.160949 -0.505469        0.561178      0.121493   \n",
       "m_per1000f            -0.028680 -0.314733        0.436915      0.033760   \n",
       "state_pop             -0.280638 -0.049918       -0.017227      0.526284   \n",
       "nonwhites_per1000      0.593198  0.767103       -0.664882     -0.213709   \n",
       "unemploy_m24          -0.224381 -0.172419        0.018103     -0.043698   \n",
       "unemploy_m39          -0.244843  0.071693       -0.215682      0.185093   \n",
       "gdp                   -0.670055 -0.636945        0.735997      0.787225   \n",
       "inequality             0.639211  0.737181       -0.768658     -0.630500   \n",
       "prob_prison            0.361116  0.530862       -0.389923     -0.473247   \n",
       "time_prison            0.114511  0.066813       -0.253974      0.103358   \n",
       "crime_rate            -0.089472 -0.090637        0.322835      0.687604   \n",
       "\n",
       "                      police_exp59  labour_participation  m_per1000f  \\\n",
       "percent_m                -0.513173             -0.160949   -0.028680   \n",
       "is_south                 -0.376168             -0.505469   -0.314733   \n",
       "mean_education            0.499410              0.561178    0.436915   \n",
       "police_exp60              0.993586              0.121493    0.033760   \n",
       "police_exp59              1.000000              0.106350    0.022843   \n",
       "labour_participation      0.106350              1.000000    0.513559   \n",
       "m_per1000f                0.022843              0.513559    1.000000   \n",
       "state_pop                 0.513789             -0.123672   -0.410628   \n",
       "nonwhites_per1000        -0.218768             -0.341214   -0.327305   \n",
       "unemploy_m24             -0.051712             -0.229400    0.351892   \n",
       "unemploy_m39              0.169224             -0.420762   -0.018692   \n",
       "gdp                       0.794262              0.294632    0.179609   \n",
       "inequality               -0.648152             -0.269886   -0.167089   \n",
       "prob_prison              -0.473027             -0.250086   -0.050858   \n",
       "time_prison               0.075627             -0.123640   -0.427697   \n",
       "crime_rate                0.666714              0.188866    0.213914   \n",
       "\n",
       "                      state_pop  nonwhites_per1000  unemploy_m24  \\\n",
       "percent_m             -0.280638           0.593198     -0.224381   \n",
       "is_south              -0.049918           0.767103     -0.172419   \n",
       "mean_education        -0.017227          -0.664882      0.018103   \n",
       "police_exp60           0.526284          -0.213709     -0.043698   \n",
       "police_exp59           0.513789          -0.218768     -0.051712   \n",
       "labour_participation  -0.123672          -0.341214     -0.229400   \n",
       "m_per1000f            -0.410628          -0.327305      0.351892   \n",
       "state_pop              1.000000           0.095153     -0.038120   \n",
       "nonwhites_per1000      0.095153           1.000000     -0.156450   \n",
       "unemploy_m24          -0.038120          -0.156450      1.000000   \n",
       "unemploy_m39           0.270422           0.080908      0.745925   \n",
       "gdp                    0.308263          -0.590107      0.044857   \n",
       "inequality            -0.126294           0.677313     -0.063832   \n",
       "prob_prison           -0.347289           0.428059     -0.007469   \n",
       "time_prison            0.464210           0.230398     -0.169853   \n",
       "crime_rate             0.337474           0.032599     -0.050478   \n",
       "\n",
       "                      unemploy_m39       gdp  inequality  prob_prison  \\\n",
       "percent_m                -0.244843 -0.670055    0.639211     0.361116   \n",
       "is_south                  0.071693 -0.636945    0.737181     0.530862   \n",
       "mean_education           -0.215682  0.735997   -0.768658    -0.389923   \n",
       "police_exp60              0.185093  0.787225   -0.630500    -0.473247   \n",
       "police_exp59              0.169224  0.794262   -0.648152    -0.473027   \n",
       "labour_participation     -0.420762  0.294632   -0.269886    -0.250086   \n",
       "m_per1000f               -0.018692  0.179609   -0.167089    -0.050858   \n",
       "state_pop                 0.270422  0.308263   -0.126294    -0.347289   \n",
       "nonwhites_per1000         0.080908 -0.590107    0.677313     0.428059   \n",
       "unemploy_m24              0.745925  0.044857   -0.063832    -0.007469   \n",
       "unemploy_m39              1.000000  0.092072    0.015678    -0.061592   \n",
       "gdp                       0.092072  1.000000   -0.883997    -0.555335   \n",
       "inequality                0.015678 -0.883997    1.000000     0.465322   \n",
       "prob_prison              -0.061592 -0.555335    0.465322     1.000000   \n",
       "time_prison               0.101358  0.000649    0.101823    -0.436246   \n",
       "crime_rate                0.177321  0.441320   -0.179024    -0.427422   \n",
       "\n",
       "                      time_prison  crime_rate  \n",
       "percent_m                0.114511   -0.089472  \n",
       "is_south                 0.066813   -0.090637  \n",
       "mean_education          -0.253974    0.322835  \n",
       "police_exp60             0.103358    0.687604  \n",
       "police_exp59             0.075627    0.666714  \n",
       "labour_participation    -0.123640    0.188866  \n",
       "m_per1000f              -0.427697    0.213914  \n",
       "state_pop                0.464210    0.337474  \n",
       "nonwhites_per1000        0.230398    0.032599  \n",
       "unemploy_m24            -0.169853   -0.050478  \n",
       "unemploy_m39             0.101358    0.177321  \n",
       "gdp                      0.000649    0.441320  \n",
       "inequality               0.101823   -0.179024  \n",
       "prob_prison             -0.436246   -0.427422  \n",
       "time_prison              1.000000    0.149866  \n",
       "crime_rate               0.149866    1.000000  "
      ]
     },
     "execution_count": 74,
     "metadata": {},
     "output_type": "execute_result"
    }
   ],
   "source": [
    "crime.corr()"
   ]
  },
  {
   "cell_type": "code",
   "execution_count": 75,
   "id": "e2acbdb7",
   "metadata": {},
   "outputs": [
    {
     "data": {
      "text/html": [
       "        <script type=\"text/javascript\">\n",
       "        window.PlotlyConfig = {MathJaxConfig: 'local'};\n",
       "        if (window.MathJax && window.MathJax.Hub && window.MathJax.Hub.Config) {window.MathJax.Hub.Config({SVG: {font: \"STIX-Web\"}});}\n",
       "        if (typeof require !== 'undefined') {\n",
       "        require.undef(\"plotly\");\n",
       "        requirejs.config({\n",
       "            paths: {\n",
       "                'plotly': ['https://cdn.plot.ly/plotly-2.26.0.min']\n",
       "            }\n",
       "        });\n",
       "        require(['plotly'], function(Plotly) {\n",
       "            window._Plotly = Plotly;\n",
       "        });\n",
       "        }\n",
       "        </script>\n",
       "        "
      ]
     },
     "metadata": {},
     "output_type": "display_data"
    },
    {
     "data": {
      "text/html": [
